  33.8337 -116.1657  1335742661.40775
  33.8550 -116.1610  1335742662.00000
  33.8555 -116.1612  1335742662.13000
  34.4004 -116.4709  1335755789.39246
  34.4138 -116.4915  1335755790.54000
  34.4150 -116.4948  1335755790.60000
  34.4140 -116.4920  1335755791.00000
  33.7923 -116.1040  1335757153.34160
  33.8005 -116.1103  1335757154.16000
  40.4999 -124.2561  1335757461.38133
  40.3710 -124.3677  1335757461.71000
  36.5741  -89.8169  1335760510.95178
 -29.8380  -71.4940  1335771585.00000
 -29.8380  -71.4940  1335771585.47000
   1.7680   89.5710  1335772809.00000
   1.7590   89.5750  1335772810.07000
  35.5300  -96.7600  1335806041.00000
  35.5300  -96.7600  1335806041.00000
  35.5757  -96.6896  1335806042.40771
  -5.7570  128.5620  1335809505.00000
  -5.7570  128.5620  1335809505.43000
  44.3586  -91.1304  1335810032.78503
  35.4328  -92.4015  1335811264.79516
 -29.6370 -176.1700  1335817065.00000
 -29.6360 -176.1700  1335817065.04000
  25.3950  141.3610  1335850431.00000
  25.3950  141.3610  1335850431.24000
  13.8070  -90.9780  1335853136.62000
  13.8070  -90.9780  1335853137.00000
 -27.5040  -70.9910  1335862511.00000
 -27.5040  -70.9910  1335862511.14000
  14.4600  -93.1690  1335874188.00000
  33.1624 -115.6702  1335876006.47900
  33.1598 -115.6660  1335876007.00000
  14.3330  -93.0190  1335880647.00000
 -26.9100 -177.1930  1335880667.00000
  21.8160 -108.4370  1335887077.00000
  45.0356  -89.6296  1335887274.44714
  14.5350  -92.9470  1335888371.00000
  18.5180 -100.8410  1335890281.00000
  33.6947  -84.0773  1335891864.59541
  47.5600  -92.5684  1335893561.29857
  47.5514  -92.6026  1335893702.60162
  56.0650 -153.4710  1335893923.00000
  37.0620 -117.9558  1335900175.60000
  37.0428 -117.9630  1335900175.94558
  37.0470 -117.9500  1335900176.00000
  37.9733  -89.3122  1335907245.76130
  33.3841  -87.1837  1335907761.12174
  14.4200  -92.9690  1335912218.00000
  50.5700 -130.3400  1335912822.00000
  50.6830 -129.4540  1335912830.00000
  43.6592 -125.8063  1335913437.87879
